21
1158.8359,899.21094,-0.6116117,f
1003.9663,587.8677,-0.16500843,f
1340.478,609.0897,-0.060273558,f
684.22925,566.93787,-0.14719403,f
926.37726,-160.97363,0.0,f
1176.7585,1536.6473,-5.1782556,f
1298.3411,1179.7344,-1.5266562,f
1928.9528,400.69565,0.0,f
323.72876,813.723,1.9560649,f
1005.7942,1181.388,-1.4781692,f
1525.6648,345.6634,0.46098334,f
1508.4912,931.406,-0.3652414,f
795.9415,905.7822,-0.07431978,f
1512.983,-171.86014,2.045954,f
850.9133,295.33374,-0.4087944,f
1641.8224,1350.0228,0.0,f
1193.3977,250.8534,0.31214333,f
599.0928,1385.567,0.0,f
446.59482,231.98404,-2.0439122,f
1652.5093,639.5388,0.0070936717,f
1958.9565,910.8406,0.0,f
